[  55.  133.  214.   16.   54.  199.   87.   87.   inf   inf]
[  95.   78.   78.  181.  143.  125.  126.  143.   inf   inf]
[  40.  120.   40.   39.   39.  104.   90.   55.   inf   inf]
[ 104.   90.   74.  120.   75.   56.   72.   55.  178.   55.]
[  59.  105.  134.  134.   59.  102.  120.  100.   inf   inf]
[  76.   75.   59.  119.  121.   53.   37.   59.   inf   inf]
[  28.  140.  140.  123.   97.   89.   97.  211.   inf   inf]
[ 207.  104.  151.  135.   69.   87.  222.   53.   inf   inf]
[  94.   28.   44.   36.   45.  214.   92.   46.   92.   46.]
[ 134.  131.  131.  133.   85.   68.   84.  118.   inf   inf]
